10
0.001
100
0.09
......................
200
0
200
....
200
200
......................
5e-06
3.8e-06
0
20
9e-07
5
500
5e-07
2e-06
...........................................
1.1781
0
2.35619
3.14159
--------------------------------------------------------------------
dynamic_Instability
0.8
1.8
1
1
2
10
0.001
100
0.09
......................
200
0
200
....
200
200
......................
5e-06
3.8e-06
0
20
9e-07
5
500
5e-07
2e-06
...........................................
1.1781
0
1.1781
3.14159
--------------------------------------------------------------------
dynamic_Instability
0.8
1.8
1
1
2
10
0.001
100
0.09
......................
200
0
200
....
200
200
......................
5e-06
3.8e-06
0
20
9e-07
5
500
5e-07
2e-06
...........................................
1.5708
0
1.5708
3.14159
--------------------------------------------------------------------
dynamic_Instability
0.8
1.8
1
1
2
10
0.001
100
0.09
......................
0
0
400
....
0
400
......................
5e-06
3.8e-06
0
20
9e-07
5
500
5e-07
2e-06
...........................................
1.1781
0
1.1781
3.14159
--------------------------------------------------------------------
dynamic_Instability
0.8
1.8
1
1
2
