0
168
204
225
198
147
205
174
240
229
198
154
129
172
109
141
162
127
103
118
68
87
79
69
57
71
70
75
63
56
63
75
51
45
43
47
36
52
39
51
31
38
34
23
24
20
43
28
22
54
0
178
164
141
102
69
40
33
26
26
21
20
25
30
9
5
16
26
19
33
23
6
11
16
20
18
16
9
21
23
14
19
19
13
10
11
12
21
19
15
8
22
27
20
24
26
16
17
13
18
0
377
389
339
278
247
235
189
132
153
104
70
60
54
46
36
47
35
20
18
15
10
19
26
25
26
31
21
24
23
15
27
14
24
14
26
23
41
26
31
23
17
23
27
24
27
19
16
22
21
0
0
0
0
0
0
0
0
0
0
0
0
0
0
0
0
0
0
0
0
0
0
0
0
0
0
0
0
0
0
0
0
0
0
0
0
0
0
0
0
0
0
0
0
0
0
0
0
0
0
