0
104
141
177
144
123
185
163
225
213
186
152
123
166
108
137
159
121
98
112
67
84
76
63
53
65
61
71
50
49
49
73
42
30
35
31
21
41
26
36
19
26
19
18
20
16
35
20
19
34
0
89
89
70
15
20
11
12
7
7
4
6
5
5
3
2
7
10
6
8
15
1
3
6
8
10
10
5
8
10
3
15
12
7
4
4
8
8
13
6
3
8
5
9
8
13
9
10
8
5
0
193
201
180
144
100
109
92
72
101
45
26
17
10
9
11
19
9
5
7
7
3
5
7
10
13
14
7
7
12
7
15
3
7
5
7
6
14
10
16
18
9
10
15
12
7
9
4
10
11
0
0
0
0
0
0
0
0
0
0
0
0
0
0
0
0
0
0
0
0
0
0
0
0
0
0
0
0
0
0
0
0
0
0
0
0
0
0
0
0
0
0
0
0
0
0
0
0
0
0
