1 1.6849e-05
2 7.29096e-06
1 1.24021e-05
2 1.52416e-05
1 1.0243e-05
1 1.1326e-05
1 1.5814e-05
2 1.71541e-05
1 1.3411e-05
1 1.2319e-05
2 1.1275e-05
1 5.89536e-06
1 1.05667e-05
2 1.5751e-05
1 1.68538e-05
1 1.0996e-05
1 1.4089e-05
1 1.4041e-05
2 1.4335e-05
1 1.0588e-05
1 1.4299e-05
1 5.56296e-06
1 1.7155e-05
1 7.10496e-06
2 1.62229e-05
2 1.4038e-05
1 1.1521e-05
1 1.3027e-05
2 9.20496e-06
2 1.66474e-05
2 8.09196e-06
1 1.4695e-05
1 1.4173e-05
2 6.51696e-06
2 9.74496e-06
1 1.49599e-05
1 1.6882e-05
1 6.95346e-06
1 1.1113e-05
1 1.3696e-05
1 1.27018e-05
1 1.5724e-05
2 1.53985e-05
1 9.98556e-06
2 9.23496e-06
2 1.49329e-05
1 1.6615e-05
1 1.63753e-05
1 8.64963e-07
1 7.83396e-06
1 1.4992e-05
1 1.6966e-05
2 1.0783e-05
1 9.41046e-06
2 7.95096e-06
1 1.3216e-05
2 1.54789e-05
1 1.4194e-05
1 1.2304e-05
1 1.55665e-05
2 1.3939e-05
2 1.4392e-05
2 1.66312e-05
2 1.54e-05
1 7.59096e-06
1 7.07796e-06
2 1.3285e-05
1 1.56094e-05
2 5.11596e-06
2 1.50472e-05
1 1.13422e-05
1 7.49886e-06
1 1.5898e-05
1 1.5856e-05
1 1.3168e-05
1 1.64911e-05
2 1.4248e-05
2 9.15996e-06
2 9.75096e-06
2 1.2514e-05
2 1.3885e-05
1 1.705e-05
1 1.4959e-05
2 1.66843e-05
2 2.80896e-06
1 6.93696e-06
1 1.4704e-05
1 1.0702e-05
2 1.56832e-05
1 1.564e-05
1 1.6183e-05
2 1.63081e-05
1 1.1782e-05
1 1.3339e-05
1 1.3807e-05
1 1.0318e-05
1 9.21996e-06
1 1.3879e-05
1 1.7158e-05
1 1.5181e-05
1 1.51456e-05
1 9.38196e-06
2 7.77996e-06
1 1.4974e-05
1 1.6519e-05
1 1.5769e-05
1 8.79996e-06
2 9.81096e-06
1 1.75296e-06
1 1.4371e-05
1 9.45696e-06
1 1.37464e-05
1 1.5358e-05
1 1.2673e-05
1 8.02296e-06
1 6.93996e-06
1 1.4344e-05
2 1.63057e-05
1 7.64196e-06
1 1.0201e-05
2 1.60786e-05
1 5.67096e-06
2 1.4578e-05
2 1.2238e-05
1 1.01221e-05
1 1.0855e-05
1 1.3054e-05
1 1.49584e-05
1 1.3438e-05
2 1.55083e-05
2 7.58196e-06
2 1.5643e-05
1 1.5643e-05
2 1.59196e-05
1 1.30954e-05
2 1.71973e-05
1 1.6594e-05
1 1.4767e-05
1 1.3924e-05
1 8.74296e-06
1 1.5505e-05
2 3.00396e-06
1 1.5271e-05
1 1.633e-05
2 1.4371e-05
2 1.73989e-05
1 1.0402e-05
2 1.4839e-05
2 1.54168e-05
1 1.4641e-05
1 1.378e-05
2 1.51402e-05
1 1.51051e-05
2 1.1056e-05
1 9.23796e-06
2 6.13896e-06
1 1.3999e-05
2 1.2025e-05
1 7.57896e-06
1 1.51504e-05
2 1.5064e-05
1 1.5022e-05
2 1.3621e-05
1 1.6198e-05
1 1.0993e-05
1 1.5385e-05
2 1.55434e-05
1 1.42597e-05
2 9.87396e-06
1 9.96606e-06
1 1.3831e-05
1 6.17196e-06
2 8.12796e-06
1 7.03326e-06
1 1.0693e-05
1 8.68296e-06
1 1.2667e-05
1 1.198e-05
2 1.72435e-05
1 1.4782e-05
2 1.64371e-05
1 8.13696e-06
2 1.63015e-05
1 1.1374e-05
1 1.6468e-05
1 1.3972e-05
1 1.1794e-05
1 1.6051e-05
2 1.61143e-05
2 7.50696e-06
1 1.4494e-05
2 1.58692e-05
1 7.82376e-06
2 1.66666e-05
2 1.53256e-05
1 5.38596e-06
1 1.4692e-05
2 1.2574e-05
1 1.1368e-05
1 8.91696e-06
1 1.3804e-05
1 1.4671e-05
1 1.5526e-05
1 1.4317e-05
2 1.61632e-05
1 1.327e-05
2 8.37696e-06
1 1.4086e-05
1 5.76963e-07
1 8.19396e-06
1 6.57696e-06
1 1.6417e-05
1 1.40881e-05
1 1.65859e-05
1 1.0099e-05
2 8.44296e-06
1 1.04296e-05
2 1.3381e-05
2 1.4725e-05
1 9.72696e-06
1 1.58251e-05
1 1.3351e-05
1 1.5811e-05
1 8.70396e-06
2 1.5334e-05
1 1.5634e-05
2 1.2694e-05
2 1.57897e-05
1 1.1929e-05
2 1.4482e-05
2 1.52656e-05
2 1.59019e-05
2 5.10696e-06
2 1.4761e-05
1 7.55196e-06
2 1.3492e-05
1 1.4305e-05
1 1.3102e-05
1 1.2955e-05
1 1.49947e-05
2 1.186e-05
1 1.3075e-05
1 1.045e-05
1 1.6693e-05
2 1.2301e-05
1 1.4269e-05
1 1.1293e-05
2 1.62298e-05
2 1.24896e-06
1 1.4893e-05
2 1.58671e-05
1 4.97706e-06
1 1.30762e-05
1 1.3714e-05
2 1.0762e-05
1 1.7374e-05
1 1.1185e-05
1 1.3132e-05
1 1.5451e-05
1 1.5808e-05
2 5.51496e-06
1 1.34737e-05
2 1.2994e-05
1 9.69696e-06
2 1.66264e-05
2 1.71643e-05
1 3.78096e-06
1 1.3336e-05
2 1.0333e-05
1 1.324e-05
2 1.69375e-05
1 1.5235e-05
1 1.2109e-05
2 1.40374e-05
1 1.2346e-05
1 1.2856e-05
2 1.441e-05
1 1.3033e-05
1 1.1152e-05
2 1.3837e-05
2 1.63867e-05
1 1.04797e-05
1 1.27756e-05
2 1.3123e-05
1 1.29805e-05
2 1.6516e-05
1 1.6384e-05
1 1.44958e-05
1 5.28396e-06
1 1.6513e-05
1 1.2031e-05
1 9.50196e-06
1 1.49101e-05
1 1.1458e-05
2 1.5433e-05
2 5.84196e-06
1 1.6027e-05
2 1.1947e-05
1 1.52386e-05
1 6.49596e-06
1 1.1659e-05
1 1.69e-05
1 1.6465e-05
1 1.4473e-05
2 1.56802e-05
1 1.6528e-05
2 1.063e-05
2 1.61926e-05
1 1.375e-05
1 1.6708e-05
1 1.47103e-05
1 1.066e-05
2 1.1704e-05
2 1.2034e-05
1 4.23696e-06
1 1.4725e-05
1 1.3768e-05
1 4.75236e-06
1 1.4398e-05
1 8.22096e-06
1 1.66129e-05
1 1.72726e-05
1 1.3882e-05
2 9.92196e-06
1 1.0864e-05
1 7.75896e-06
2 1.68001e-05
2 1.2169e-05
1 7.04496e-06
1 1.37196e-06
1 1.1815e-05
2 1.3438e-05
2 8.11896e-06
1 9.78996e-06
1 1.6753e-05
1 1.6957e-05
2 1.6474e-05
1 1.5166e-05
1 1.5487e-05
1 1.6096e-05
1 1.49584e-05
2 1.3768e-05
1 1.483e-05
2 1.45516e-05
1 1.6681e-05
1 1.5829e-05
1 1.29793e-05
1 1.33639e-05
1 1.7896e-05
2 1.2583e-05
2 1.1908e-05
1 1.3933e-05
1 1.3852e-05
1 1.1899e-05
1 8.51796e-06
2 1.68859e-05
2 1.53664e-05
1 1.2751e-05
1 7.42296e-06
1 2.78796e-06
1 1.6351e-05
1 1.5508e-05
1 7.30596e-06
2 3.93996e-06
1 1.1092e-05
2 1.4122e-05
2 1.51996e-05
1 1.6753e-05
2 1.2877e-05
1 1.4332e-05
2 1.246e-05
1 9.86796e-06
2 1.3201e-05
1 1.471e-05
1 9.98496e-06
2 1.46713e-05
1 1.4947e-05
2 1.50298e-05
1 1.26546e-06
1 6.42396e-06
1 1.63e-05
2 1.2865e-05
2 1.71712e-05
1 1.4236e-05
1 1.3027e-05
1 1.0402e-05
1 1.2358e-05
2 1.3294e-05
1 1.3321e-05
1 1.4257e-05
2 1.65889e-05
2 1.51624e-05
1 1.4116e-05
1 1.2187e-05
1 5.78196e-06
2 7.41696e-06
1 1.09768e-05
1 1.4551e-05
1 1.2913e-05
1 1.3933e-05
