0 0 65 35 1.26482e-05
0.2 0 47 27 1.22276e-05
0.4 0 46 29 1.22017e-05
0.6 0 45 27 1.22665e-05
0.8 0 47 28 1.22995e-05
1 0 48 30 1.22716e-05
1.2 0 46 27 1.22278e-05
1.4 0 46 28 1.22438e-05
1.6 0 45 29 1.2275e-05
1.8 0 44 29 1.22452e-05
2 0 44 30 1.22907e-05
2.2 0 48 31 1.25032e-05
2.4 0 47 33 1.25384e-05
2.6 0 47 31 1.24254e-05
2.8 0 48 32 1.24129e-05
3 1 45 32 1.23539e-05
3.2 0 47 31 1.23468e-05
3.4 0 44 34 1.24003e-05
3.6 0 48 30 1.24768e-05
3.8 0 48 30 1.24203e-05
4 0 51 30 1.23988e-05
4.2 0 49 31 1.24167e-05
4.4 0 50 30 1.24429e-05
4.6 0 48 30 1.25269e-05
4.8 1 51 29 1.23457e-05
5 0 52 29 1.25077e-05
5.2 1 53 30 1.23526e-05
5.4 1 52 30 1.24615e-05
5.6 0 51 31 1.23786e-05
5.8 0 52 31 1.23741e-05
6 0 53 33 1.24989e-05
6.2 0 54 32 1.24746e-05
6.4 0 53 30 1.24692e-05
6.6 0 52 29 1.24875e-05
6.8 0 53 32 1.25314e-05
7 0 52 33 1.24446e-05
7.2 0 50 34 1.2542e-05
7.4 1 51 33 1.25331e-05
7.6 0 55 31 1.2448e-05
7.8 0 55 36 1.26762e-05
8 0 55 34 1.25927e-05
8.2 0 55 32 1.24425e-05
8.4 0 54 33 1.24916e-05
8.6 0 54 34 1.24882e-05
8.8 0 55 35 1.26309e-05
9 0 56 31 1.25132e-05
9.2 0 56 32 1.251e-05
9.4 0 55 31 1.24451e-05
9.6 0 55 31 1.23283e-05
9.8 0 53 32 1.2355e-05
0 0 66 34 1.2554e-05
0.2 0 58 28 1.22925e-05
0.4 0 58 28 1.22929e-05
0.6 0 58 28 1.22801e-05
0.8 0 60 29 1.2358e-05
1 0 57 29 1.2294e-05
1.2 0 58 30 1.23533e-05
1.4 0 59 29 1.23431e-05
1.6 0 59 31 1.23788e-05
1.8 0 58 31 1.23606e-05
2 0 58 31 1.23296e-05
2.2 0 60 30 1.23785e-05
2.4 0 60 28 1.23879e-05
2.6 0 58 29 1.23663e-05
2.8 0 61 34 1.24417e-05
3 0 61 34 1.24544e-05
3.2 0 59 31 1.2409e-05
3.4 0 54 31 1.2319e-05
3.6 0 58 33 1.23748e-05
3.8 0 55 34 1.22909e-05
4 0 54 35 1.2295e-05
4.2 0 61 34 1.24383e-05
4.4 0 60 34 1.25142e-05
4.6 0 56 35 1.23277e-05
4.8 0 57 33 1.23324e-05
5 0 58 31 1.24142e-05
5.2 0 59 33 1.24348e-05
5.4 0 60 32 1.24886e-05
5.6 0 56 31 1.23387e-05
5.8 0 55 32 1.22198e-05
6 0 57 32 1.24247e-05
6.2 0 58 33 1.2512e-05
6.4 0 55 34 1.24789e-05
6.6 0 56 35 1.24262e-05
6.8 0 60 33 1.24324e-05
7 0 58 35 1.22944e-05
7.2 0 61 34 1.2467e-05
7.4 0 58 32 1.25306e-05
7.6 0 59 33 1.25486e-05
7.8 0 58 32 1.24454e-05
8 0 61 33 1.24169e-05
8.2 0 58 32 1.23292e-05
8.4 0 57 32 1.22374e-05
8.6 0 59 31 1.23438e-05
8.8 0 59 32 1.24938e-05
9 0 56 32 1.2434e-05
9.2 0 59 33 1.23572e-05
9.4 0 59 31 1.24122e-05
9.6 0 62 33 1.24699e-05
9.8 0 58 32 1.24425e-05
0 0 65 35 1.26604e-05
0.2 0 47 31 1.21589e-05
0.4 0 46 31 1.21994e-05
0.6 0 45 30 1.22091e-05
0.8 0 46 30 1.21927e-05
1 0 48 30 1.21459e-05
1.2 0 48 30 1.22341e-05
1.4 0 46 31 1.21598e-05
1.6 0 51 30 1.21504e-05
1.8 0 50 31 1.22002e-05
2 0 52 29 1.22366e-05
2.2 0 52 30 1.21915e-05
2.4 0 53 30 1.22457e-05
2.6 0 53 31 1.22467e-05
2.8 0 51 31 1.21656e-05
3 0 55 31 1.22782e-05
3.2 0 50 32 1.22494e-05
3.4 0 54 31 1.23273e-05
3.6 0 55 32 1.23939e-05
3.8 0 55 34 1.24035e-05
4 0 56 33 1.24555e-05
4.2 0 58 34 1.24286e-05
4.4 0 53 36 1.23544e-05
4.6 0 54 35 1.23115e-05
4.8 0 52 34 1.22127e-05
5 0 52 36 1.23719e-05
5.2 0 46 35 1.22362e-05
5.4 0 52 34 1.22574e-05
5.6 0 54 33 1.23065e-05
5.8 0 51 34 1.22144e-05
6 0 54 36 1.24017e-05
6.2 0 53 33 1.2257e-05
6.4 0 55 36 1.2397e-05
6.6 0 53 35 1.23839e-05
6.8 0 58 32 1.24167e-05
7 0 54 33 1.22404e-05
7.2 0 57 32 1.2279e-05
7.4 0 51 30 1.21206e-05
7.6 0 57 31 1.2322e-05
7.8 0 54 32 1.23077e-05
8 0 56 31 1.23522e-05
8.2 0 57 32 1.23328e-05
8.4 0 56 32 1.22233e-05
8.6 0 56 31 1.22366e-05
8.8 0 57 30 1.22319e-05
9 0 59 28 1.22709e-05
9.2 0 61 30 1.23668e-05
9.4 0 61 29 1.23151e-05
9.6 0 61 27 1.23857e-05
9.8 0 59 28 1.23142e-05
0 0 69 31 1.27565e-05
0.2 0 69 31 1.27579e-05
0.4 0 68 31 1.28398e-05
0.6 0 69 30 1.28411e-05
0.8 0 69 30 1.28429e-05
1 0 67 32 1.28442e-05
1.2 0 67 32 1.28448e-05
1.4 0 67 32 1.28454e-05
1.6 0 67 32 1.2846e-05
1.8 1 68 31 1.27612e-05
2 0 68 31 1.28481e-05
2.2 0 66 33 1.28491e-05
2.4 0 67 32 1.28494e-05
2.6 0 67 32 1.285e-05
2.8 0 67 32 1.28505e-05
3 0 66 33 1.28505e-05
3.2 0 66 33 1.28505e-05
3.4 0 66 33 1.28505e-05
3.6 0 66 33 1.28505e-05
3.8 0 66 33 1.28505e-05
4 0 65 34 1.28505e-05
4.2 0 64 35 1.28495e-05
4.4 0 65 34 1.28485e-05
4.6 0 65 34 1.28479e-05
4.8 0 65 34 1.28473e-05
5 1 66 33 1.27565e-05
5.2 1 66 33 1.27565e-05
5.4 1 66 33 1.27562e-05
5.6 1 66 33 1.27562e-05
5.8 1 66 33 1.27562e-05
6 1 66 33 1.27562e-05
6.2 1 66 33 1.27562e-05
6.4 1 66 33 1.27563e-05
6.6 1 66 33 1.27563e-05
6.8 1 66 33 1.27563e-05
7 1 66 33 1.27563e-05
7.2 1 65 34 1.2756e-05
7.4 1 65 34 1.27554e-05
7.6 1 64 35 1.27542e-05
7.8 1 65 34 1.27534e-05
8 1 66 33 1.27529e-05
8.2 1 67 32 1.2753e-05
8.4 1 66 33 1.27532e-05
8.6 1 66 33 1.27532e-05
8.8 1 68 31 1.27536e-05
9 1 68 31 1.27596e-05
9.2 1 68 31 1.27608e-05
9.4 1 68 31 1.2762e-05
9.6 0 68 31 1.28488e-05
9.8 0 68 31 1.285e-05
