0 0 0 0 0
0.2 0 16 8 1.4154e-05
0.4 1 15 7 1.42666e-05
0.6 0 16 9 1.42142e-05
0.8 0 14 8 1.43566e-05
1 1 13 6 1.44893e-05
1.2 0 15 9 1.4385e-05
1.4 0 14 9 1.44151e-05
1.6 0 14 9 1.43007e-05
1.8 0 15 9 1.42926e-05
2 0 15 8 1.422e-05
2.2 0 11 7 1.38045e-05
2.4 0 13 3 1.34847e-05
2.6 0 13 5 1.38556e-05
2.8 1 11 5 1.37492e-05
3 0 14 5 1.38527e-05
3.2 0 12 6 1.41485e-05
3.4 0 15 3 1.38998e-05
3.6 1 11 7 1.36673e-05
3.8 1 11 7 1.38766e-05
4 0 9 6 1.41521e-05
4.2 1 12 4 1.33912e-05
4.4 0 11 5 1.37991e-05
4.6 0 13 5 1.32745e-05
4.8 0 11 5 1.37611e-05
5 1 10 5 1.29338e-05
5.2 1 8 5 1.35919e-05
5.4 1 9 5 1.3346e-05
5.6 1 9 5 1.36312e-05
5.8 1 8 5 1.37302e-05
6 1 7 3 1.31023e-05
6.2 1 7 3 1.32709e-05
6.4 1 8 5 1.31193e-05
6.6 1 9 6 1.29346e-05
6.8 1 8 3 1.27572e-05
7 1 9 2 1.33576e-05
7.2 1 11 1 1.26436e-05
7.4 1 9 3 1.23288e-05
7.6 2 5 5 1.29017e-05
7.8 1 4 1 1.06124e-05
8 1 3 4 1.20131e-05
8.2 1 4 5 1.34009e-05
8.4 1 4 5 1.29432e-05
8.6 1 4 4 1.29861e-05
8.8 1 3 3 1.12426e-05
9 1 3 6 1.26543e-05
9.2 1 3 5 1.26681e-05
9.4 1 4 6 1.31196e-05
9.6 1 4 5 1.38827e-05
9.8 1 6 4 1.3511e-05
0 0 0 0 0
0.2 0 8 6 1.41579e-05
0.4 0 8 6 1.41522e-05
0.6 0 8 6 1.42284e-05
0.8 0 6 5 1.41251e-05
1 0 8 6 1.4135e-05
1.2 0 7 5 1.39985e-05
1.4 0 7 5 1.40673e-05
1.6 0 7 3 1.40869e-05
1.8 0 8 3 1.4075e-05
2 0 8 3 1.43227e-05
2.2 0 6 4 1.40775e-05
2.4 0 6 6 1.37221e-05
2.6 0 8 5 1.37613e-05
2.8 0 5 0 1.45511e-05
3 0 4 1 1.42996e-05
3.2 0 5 5 1.37747e-05
3.4 0 10 5 1.38188e-05
3.6 0 5 4 1.42324e-05
3.8 0 8 3 1.45535e-05
4 0 9 2 1.45003e-05
4.2 0 2 3 1.43809e-05
4.4 0 3 3 1.28308e-05
4.6 0 7 2 1.45871e-05
4.8 0 6 4 1.42966e-05
5 0 6 5 1.3439e-05
5.2 0 5 3 1.35659e-05
5.4 0 4 4 1.29271e-05
5.6 0 8 5 1.37498e-05
5.8 0 9 4 1.45329e-05
6 0 7 4 1.32811e-05
6.2 0 5 4 1.25659e-05
6.4 0 7 4 1.28007e-05
6.6 0 7 2 1.33803e-05
6.8 0 4 3 1.35435e-05
7 0 6 1 1.53536e-05
7.2 0 4 1 1.32662e-05
7.4 0 7 3 1.22837e-05
7.6 0 6 2 1.20026e-05
7.8 0 7 3 1.30311e-05
8 0 4 2 1.38515e-05
8.2 0 8 2 1.40586e-05
8.4 0 9 2 1.46404e-05
8.6 0 7 3 1.3919e-05
8.8 0 5 4 1.25705e-05
9 0 9 3 1.29808e-05
9.2 0 6 2 1.4125e-05
9.4 0 6 4 1.32666e-05
9.6 0 4 1 1.30142e-05
9.8 0 8 2 1.29846e-05
0 0 0 0 0
0.2 0 18 4 1.44339e-05
0.4 0 19 4 1.41952e-05
0.6 0 20 5 1.40023e-05
0.8 0 19 5 1.41247e-05
1 0 17 5 1.44619e-05
1.2 0 17 5 1.41445e-05
1.4 0 18 5 1.43048e-05
1.6 0 15 4 1.47909e-05
1.8 0 16 3 1.45767e-05
2 0 15 4 1.44207e-05
2.2 0 14 4 1.47478e-05
2.4 0 13 4 1.46313e-05
2.6 0 13 3 1.47725e-05
2.8 0 14 4 1.48592e-05
3 0 11 3 1.49321e-05
3.2 0 14 4 1.447e-05
3.4 0 10 5 1.44618e-05
3.6 0 9 4 1.43319e-05
3.8 0 9 2 1.45924e-05
4 0 8 3 1.4157e-05
4.2 0 5 3 1.50783e-05
4.4 0 10 1 1.49354e-05
4.6 0 8 3 1.52592e-05
4.8 0 9 5 1.52131e-05
5 0 8 4 1.45145e-05
5.2 0 13 6 1.42795e-05
5.4 0 8 6 1.48481e-05
5.6 0 6 7 1.4688e-05
5.8 0 9 6 1.48659e-05
6 0 6 4 1.44659e-05
6.2 0 9 5 1.47408e-05
6.4 0 8 1 1.46785e-05
6.6 0 9 3 1.41851e-05
6.8 0 4 6 1.42219e-05
7 0 8 5 1.49638e-05
7.2 0 6 5 1.51239e-05
7.4 0 12 7 1.45896e-05
7.6 0 7 5 1.45359e-05
7.8 0 10 4 1.4296e-05
8 0 8 5 1.41388e-05
8.2 0 7 4 1.46062e-05
8.4 0 9 3 1.52064e-05
8.6 0 9 4 1.48801e-05
8.8 0 9 4 1.49078e-05
9 0 8 5 1.46447e-05
9.2 0 6 3 1.47322e-05
9.4 0 7 3 1.49663e-05
9.6 0 7 5 1.4013e-05
9.8 0 9 4 1.43728e-05
0 0 0 0 0
0.2 0 0 0 0
0.4 0 0 0 0
0.6 0 0 0 0
0.8 0 0 0 0
1 0 0 0 0
1.2 0 0 0 0
1.4 0 0 0 0
1.6 0 0 0 0
1.8 0 0 0 0
2 0 0 0 0
2.2 0 0 0 0
2.4 0 0 0 0
2.6 0 0 0 0
2.8 0 0 0 0
3 0 0 0 0
3.2 0 0 0 0
3.4 0 0 0 0
3.6 0 0 0 0
3.8 0 0 0 0
4 0 0 0 0
4.2 0 0 0 0
4.4 0 0 0 0
4.6 0 0 0 0
4.8 0 0 0 0
5 0 0 0 0
5.2 0 0 0 0
5.4 0 0 0 0
5.6 0 0 0 0
5.8 0 0 0 0
6 0 0 0 0
6.2 0 0 0 0
6.4 0 0 0 0
6.6 0 0 0 0
6.8 0 0 0 0
7 0 0 0 0
7.2 0 0 0 0
7.4 0 0 0 0
7.6 0 0 0 0
7.8 0 0 0 0
8 0 0 0 0
8.2 0 0 0 0
8.4 0 0 0 0
8.6 0 0 0 0
8.8 0 0 0 0
9 0 0 0 0
9.2 0 0 0 0
9.4 0 0 0 0
9.6 0 0 0 0
9.8 0 0 0 0
