0 0 0 3.98017e-06
0.2 2.31421e-08 -8.21181e-10 3.9478e-06
0.4 4.67248e-08 -4.50069e-09 3.90429e-06
0.6 6.82872e-08 -3.73156e-09 3.86417e-06
0.8 9.32051e-08 -5.0468e-09 3.82524e-06
1 1.14547e-07 -6.83778e-09 3.80213e-06
1.2 1.04136e-07 -7.11022e-09 3.793e-06
1.4 9.78115e-08 -5.11938e-09 3.78191e-06
1.6 1.04346e-07 -7.17216e-09 3.77057e-06
1.8 1.02165e-07 -6.64729e-09 3.76339e-06
2 7.06891e-08 -5.95328e-09 3.76488e-06
2.2 4.21978e-08 -4.07785e-09 3.76022e-06
2.4 1.10279e-10 -4.7719e-09 3.75999e-06
2.6 -2.99424e-08 -1.99117e-09 3.76064e-06
2.8 -6.35513e-08 1.2718e-09 3.76295e-06
3 -9.64232e-08 2.08488e-09 3.75985e-06
3.2 -1.29586e-07 6.93567e-09 3.75797e-06
3.4 -1.72092e-07 5.05689e-09 3.75259e-06
3.6 -1.9394e-07 -1.17498e-09 3.74966e-06
3.8 -2.2074e-07 -5.73892e-09 3.75235e-06
4 -2.48487e-07 -1.2816e-09 3.74555e-06
4.2 -2.746e-07 -2.82652e-09 3.74627e-06
4.4 -2.92963e-07 -9.52562e-09 3.74652e-06
4.6 -3.03828e-07 -1.33301e-08 3.74441e-06
4.8 -3.19832e-07 -1.19036e-08 3.74326e-06
5 -3.48305e-07 -9.4596e-09 3.74172e-06
5.2 -3.62672e-07 -7.76644e-09 3.74522e-06
5.4 -3.64072e-07 -9.12697e-09 3.74299e-06
5.6 -3.76068e-07 -1.39687e-08 3.74073e-06
5.8 -3.93201e-07 -1.85775e-08 3.73604e-06
6 -4.12443e-07 -2.32501e-08 3.73251e-06
6.2 -4.30626e-07 -2.6555e-08 3.73105e-06
6.4 -4.55025e-07 -2.91717e-08 3.72782e-06
6.6 -4.72262e-07 -3.18503e-08 3.72982e-06
6.8 -4.71085e-07 -3.42483e-08 3.73196e-06
7 -4.7924e-07 -3.88398e-08 3.72878e-06
7.2 -4.86404e-07 -4.09649e-08 3.73161e-06
7.4 -4.79959e-07 -4.06179e-08 3.72918e-06
7.6 -4.86112e-07 -3.55186e-08 3.73109e-06
7.8 -4.92751e-07 -3.02358e-08 3.73103e-06
8 -4.95665e-07 -2.45994e-08 3.73224e-06
8.2 -4.98805e-07 -2.58744e-08 3.73297e-06
8.4 -4.92674e-07 -2.70064e-08 3.73517e-06
8.6 -4.95701e-07 -2.67868e-08 3.73047e-06
8.8 -5.17629e-07 -2.53242e-08 3.72638e-06
9 -5.37131e-07 -2.19347e-08 3.72407e-06
9.2 -5.62422e-07 -1.58006e-08 3.72185e-06
9.4 -5.82154e-07 -1.13335e-08 3.71587e-06
9.6 -5.97016e-07 -7.23165e-09 3.72047e-06
9.8 -6.02083e-07 -2.44723e-09 3.72085e-06
0 0 0 3.92267e-06
0.2 -1.15843e-10 6.22317e-09 3.89287e-06
0.4 6.36452e-10 1.02471e-08 3.84804e-06
0.6 1.27515e-08 1.37212e-08 3.80989e-06
0.8 1.74499e-08 1.65728e-08 3.78882e-06
1 3.30952e-08 1.86261e-08 3.78483e-06
1.2 4.79254e-08 2.40711e-08 3.77749e-06
1.4 6.12714e-08 2.6573e-08 3.7792e-06
1.6 7.0117e-08 2.84691e-08 3.77438e-06
1.8 8.67176e-08 3.39832e-08 3.77245e-06
2 1.04485e-07 3.89376e-08 3.77034e-06
2.2 1.22609e-07 4.5099e-08 3.77052e-06
2.4 1.46331e-07 5.59453e-08 3.77033e-06
2.6 1.79805e-07 6.50593e-08 3.76477e-06
2.8 1.89362e-07 6.85727e-08 3.77019e-06
3 1.87235e-07 7.41317e-08 3.77564e-06
3.2 1.77295e-07 8.20729e-08 3.77707e-06
3.4 1.75011e-07 8.80112e-08 3.77263e-06
3.6 1.82068e-07 9.07819e-08 3.76961e-06
3.8 1.87392e-07 9.48855e-08 3.76996e-06
4 1.88361e-07 1.00738e-07 3.76709e-06
4.2 1.83511e-07 1.04691e-07 3.77106e-06
4.4 1.82181e-07 1.06971e-07 3.77783e-06
4.6 1.84154e-07 1.06802e-07 3.77501e-06
4.8 1.88641e-07 1.05231e-07 3.77312e-06
5 1.9718e-07 1.05228e-07 3.76991e-06
5.2 1.89459e-07 1.09967e-07 3.76919e-06
5.4 1.77065e-07 1.15322e-07 3.77142e-06
5.6 1.79037e-07 1.19307e-07 3.77464e-06
5.8 1.85962e-07 1.22048e-07 3.77128e-06
6 1.89829e-07 1.24072e-07 3.76736e-06
6.2 1.95222e-07 1.27542e-07 3.77056e-06
6.4 1.87657e-07 1.32099e-07 3.77074e-06
6.6 1.83011e-07 1.32799e-07 3.76888e-06
6.8 1.78327e-07 1.37588e-07 3.77343e-06
7 1.82413e-07 1.41079e-07 3.77526e-06
7.2 1.84334e-07 1.45761e-07 3.77446e-06
7.4 1.82142e-07 1.50087e-07 3.77252e-06
7.6 1.79186e-07 1.52888e-07 3.76875e-06
7.8 1.81246e-07 1.58658e-07 3.7717e-06
8 1.88512e-07 1.61358e-07 3.77507e-06
8.2 1.96598e-07 1.62252e-07 3.7752e-06
8.4 2.13293e-07 1.64408e-07 3.76745e-06
8.6 2.25158e-07 1.61563e-07 3.7667e-06
8.8 2.29965e-07 1.52459e-07 3.76862e-06
9 2.43665e-07 1.42329e-07 3.7651e-06
9.2 2.45425e-07 1.53168e-07 3.76484e-06
9.4 2.45045e-07 1.59451e-07 3.77108e-06
9.6 2.33047e-07 1.6336e-07 3.7714e-06
9.8 2.31092e-07 1.66357e-07 3.76887e-06
0 0 0 4.06433e-06
0.2 4.28697e-09 -1.32493e-08 4.03206e-06
0.4 5.74209e-09 -8.07434e-09 3.98648e-06
0.6 3.94953e-09 -4.24482e-09 3.93384e-06
0.8 1.11409e-08 8.7977e-10 3.86932e-06
1 1.88947e-08 3.85135e-09 3.81856e-06
1.2 3.0901e-08 6.47821e-09 3.78948e-06
1.4 3.10713e-08 8.93011e-09 3.77224e-06
1.6 3.12389e-08 1.16242e-08 3.76198e-06
1.8 3.24177e-08 1.04619e-08 3.76002e-06
2 4.55548e-08 1.12524e-08 3.75955e-06
2.2 6.13608e-08 1.227e-08 3.76237e-06
2.4 6.84106e-08 1.39055e-08 3.7584e-06
2.6 9.67159e-08 1.6698e-08 3.75671e-06
2.8 1.1949e-07 2.0317e-08 3.7552e-06
3 1.62389e-07 1.88894e-08 3.7584e-06
3.2 1.8126e-07 1.60806e-08 3.7593e-06
3.4 1.83427e-07 1.69826e-08 3.75952e-06
3.6 2.05671e-07 1.80754e-08 3.75867e-06
3.8 2.24005e-07 1.9257e-08 3.75975e-06
4 2.19978e-07 2.11595e-08 3.76276e-06
4.2 2.16782e-07 2.1317e-08 3.76734e-06
4.4 2.19398e-07 1.99618e-08 3.76927e-06
4.6 2.25207e-07 1.8643e-08 3.76997e-06
4.8 2.35739e-07 2.10436e-08 3.76588e-06
5 2.4149e-07 2.23547e-08 3.76435e-06
5.2 2.43284e-07 2.45178e-08 3.76144e-06
5.4 2.48366e-07 2.46813e-08 3.76245e-06
5.6 2.5841e-07 2.40864e-08 3.76201e-06
5.8 2.72116e-07 2.33121e-08 3.75817e-06
6 2.7293e-07 1.94407e-08 3.75937e-06
6.2 2.73096e-07 1.58592e-08 3.76009e-06
6.4 2.62769e-07 4.39865e-09 3.76291e-06
6.6 2.62382e-07 -4.22253e-09 3.76174e-06
6.8 2.56955e-07 -9.60263e-09 3.7613e-06
7 2.56051e-07 -1.22957e-08 3.76176e-06
7.2 2.63029e-07 -1.44467e-08 3.75985e-06
7.4 2.76169e-07 -1.85916e-08 3.75619e-06
7.6 2.84901e-07 -2.20774e-08 3.75667e-06
7.8 2.85472e-07 -2.54405e-08 3.75568e-06
8 2.71564e-07 -3.05042e-08 3.75667e-06
8.2 2.51299e-07 -3.53623e-08 3.76277e-06
8.4 2.4349e-07 -5.68683e-08 3.76347e-06
8.6 2.40468e-07 -7.26609e-08 3.76253e-06
8.8 2.39663e-07 -8.62383e-08 3.76039e-06
9 2.4894e-07 -9.81628e-08 3.76003e-06
9.2 2.58638e-07 -1.07467e-07 3.76268e-06
9.4 2.6646e-07 -1.15758e-07 3.75981e-06
9.6 2.7554e-07 -1.26596e-07 3.75815e-06
9.8 2.8185e-07 -1.39181e-07 3.75595e-06
0 0 0 4.07361e-06
0.2 6.7251e-09 3.0632e-09 4.06708e-06
0.4 1.20406e-08 5.52655e-09 4.06235e-06
0.6 2.16818e-08 1.21486e-08 4.05207e-06
0.8 3.63115e-08 1.88498e-08 4.03778e-06
1 5.34182e-08 2.49924e-08 4.02575e-06
1.2 6.98084e-08 2.9392e-08 4.01286e-06
1.4 8.75945e-08 3.32308e-08 4.00537e-06
1.6 1.04658e-07 3.60324e-08 3.99992e-06
1.8 1.00889e-07 3.85768e-08 4.00179e-06
2 1.00075e-07 4.11202e-08 3.99941e-06
2.2 1.09641e-07 4.61626e-08 3.99228e-06
2.4 1.18882e-07 4.77591e-08 3.98485e-06
2.6 1.27912e-07 4.90709e-08 3.98028e-06
2.8 1.3512e-07 5.03262e-08 3.97416e-06
3 1.40266e-07 5.17929e-08 3.97225e-06
3.2 1.42447e-07 5.72478e-08 3.97068e-06
3.4 1.45793e-07 6.14573e-08 3.96457e-06
3.6 1.55535e-07 6.28108e-08 3.9572e-06
3.8 1.69118e-07 6.39088e-08 3.94788e-06
4 1.8405e-07 6.506e-08 3.93968e-06
4.2 1.93318e-07 6.12387e-08 3.93394e-06
4.4 2.09964e-07 5.51208e-08 3.92553e-06
4.6 2.3103e-07 5.01131e-08 3.92114e-06
4.8 2.52401e-07 4.70976e-08 3.91561e-06
5 2.37232e-07 4.82109e-08 3.92727e-06
5.2 2.28534e-07 4.79625e-08 3.93071e-06
5.4 2.22269e-07 4.63942e-08 3.92981e-06
5.6 2.16804e-07 4.39099e-08 3.93102e-06
5.8 2.13181e-07 4.22425e-08 3.93227e-06
6 2.11656e-07 4.02883e-08 3.93304e-06
6.2 2.09699e-07 3.83859e-08 3.93481e-06
6.4 2.07731e-07 3.81556e-08 3.93453e-06
6.6 2.06011e-07 3.9394e-08 3.93433e-06
6.8 2.05175e-07 4.03456e-08 3.93572e-06
7 2.06046e-07 4.09408e-08 3.93533e-06
7.2 2.07235e-07 3.97547e-08 3.93457e-06
7.4 2.06865e-07 3.7894e-08 3.93555e-06
7.6 2.078e-07 3.60708e-08 3.93426e-06
7.8 2.083e-07 3.47595e-08 3.93028e-06
8 2.09811e-07 3.28218e-08 3.93048e-06
8.2 2.10178e-07 3.12898e-08 3.92921e-06
8.4 2.10981e-07 3.07821e-08 3.92776e-06
8.6 2.1155e-07 2.9056e-08 3.92686e-06
8.8 2.10999e-07 2.78798e-08 3.9262e-06
9 2.10315e-07 2.69147e-08 3.92704e-06
9.2 2.09785e-07 2.55209e-08 3.92831e-06
9.4 2.10026e-07 2.4645e-08 3.92806e-06
9.6 2.11076e-07 2.42395e-08 3.92803e-06
9.8 2.15492e-07 2.33968e-08 3.92483e-06
